Cluster 0 Statistics (for each column):
Cluster 0 size (num_records): 43679
--------------------------------------------------------------------------------
        Mean  Median  Standard Deviation  Variance    Min    Max  Range  Skewness  Sum of Squared Errors (SSE)
0   0.145583   0.104            0.168568  0.028415  0.001  3.020  3.019  4.255363                  1241.121337
1   0.122704   0.089            0.138359  0.019143  0.001  3.244  3.243  4.663980                   836.140337
2   0.109747   0.082            0.118608  0.014068  0.001  3.475  3.474  5.111561                   614.452778
3   0.102947   0.079            0.103387  0.010689  0.001  2.275  2.274  4.539515                   466.872702
4   0.101226   0.078            0.101884  0.010380  0.001  2.367  2.366  4.640879                   453.389821
5   0.108372   0.081            0.115934  0.013441  0.001  2.138  2.137  5.101220                   587.061063
6   0.129183   0.090            0.150580  0.022674  0.001  2.455  2.454  4.243293                   990.367398
7   0.163502   0.109            0.194051  0.037656  0.001  3.272  3.271  3.549157                  1644.731670
8   0.169792   0.112            0.201689  0.040678  0.001  2.806  2.805  3.263711                  1776.752502
9   0.172449   0.112            0.203122  0.041259  0.001  2.529  2.528  3.087454                  1802.094797
10  0.170838   0.111            0.200915  0.040367  0.001  2.417  2.416  3.047736                  1763.145409
11  0.174272   0.114            0.206011  0.042440  0.001  2.784  2.783  3.162405                  1853.714580
12  0.185521   0.123            0.215164  0.046296  0.001  2.894  2.893  3.051379                  2022.101292
13  0.184953   0.128            0.204547  0.041840  0.001  2.478  2.477  2.918868                  1827.468997
14  0.177999   0.123            0.199989  0.039996  0.001  2.246  2.245  3.069096                  1746.934081
15  0.172163   0.121            0.191297  0.036595  0.001  2.820  2.819  3.192584                  1598.384409
16  0.175388   0.127            0.187052  0.034989  0.001  2.950  2.949  3.092356                  1528.230418
17  0.198074   0.145            0.209026  0.043692  0.001  3.926  3.925  3.094045                  1908.380941
18  0.225344   0.163            0.239335  0.057281  0.001  2.463  2.462  2.766757                  2501.922808
19  0.261594   0.182            0.281385  0.079178  0.001  2.649  2.648  2.517526                  3458.320479
20  0.264635   0.185            0.279505  0.078123  0.001  2.705  2.704  2.381914                  3412.265001
21  0.245121   0.175            0.260920  0.068079  0.001  2.730  2.729  2.567226                  2973.566117
22  0.214659   0.154            0.231551  0.053616  0.001  3.338  3.337  2.998545                  2341.841373
23  0.178615   0.128            0.202437  0.040981  0.001  3.257  3.256  3.762462                  1789.955201
Mean across cluster columns: 0.17311169555163994 

================================================================================

Cluster 1 Statistics (for each column):
Cluster 1 size (num_records): 30978
--------------------------------------------------------------------------------
        Mean  Median  Standard Deviation  Variance    Min     Max   Range  Skewness  Sum of Squared Errors (SSE)
0   0.501420  0.3390            0.496187  0.246201  0.001   6.511   6.510  2.347666                  7626.574597
1   0.421501  0.2770            0.450091  0.202582  0.001   6.231   6.230  2.782172                  6275.388216
2   0.376816  0.2410            0.422184  0.178240  0.001   5.388   5.387  3.056044                  5521.330301
3   0.355249  0.2250            0.405658  0.164558  0.001   5.421   5.420  3.196582                  5097.526907
4   0.351885  0.2210            0.412417  0.170088  0.001   6.124   6.123  3.528204                  5268.816223
5   0.379541  0.2430            0.437805  0.191673  0.001   6.122   6.121  3.451202                  5937.466104
6   0.484994  0.3210            0.523150  0.273686  0.001   6.966   6.965  2.882387                  8477.971240
7   0.661314  0.4850            0.609667  0.371694  0.001   7.523   7.522  2.184652                 11513.964930
8   0.715931  0.5440            0.625791  0.391615  0.001  11.330  11.329  2.317402                 12131.050877
9   0.730138  0.5570            0.629342  0.396071  0.001  11.310  11.309  2.262657                 12269.091422
10  0.717438  0.5470            0.616983  0.380668  0.001   6.904   6.903  2.035819                 11791.950229
11  0.709358  0.5440            0.610703  0.372958  0.001   7.883   7.882  2.114018                 11553.121122
12  0.751066  0.5890            0.610170  0.372308  0.001   7.328   7.327  1.996096                 11532.978906
13  0.796892  0.6310            0.629419  0.396168  0.001   8.302   8.301  2.057795                 12272.092244
14  0.804122  0.6330            0.650093  0.422621  0.001   9.011   9.010  2.483676                 13091.532549
15  0.792134  0.6185            0.639502  0.408962  0.001   8.422   8.421  2.303416                 12668.421156
16  0.797240  0.6140            0.638522  0.407711  0.001  10.930  10.929  2.320129                 12629.654149
17  0.853738  0.6750            0.658722  0.433914  0.001  11.140  11.139  2.307550                 13441.367064
18  0.922976  0.7500            0.684427  0.468441  0.001  11.070  11.069  2.010616                 14510.889598
19  0.994758  0.8270            0.700633  0.490887  0.001  10.890  10.889  1.915914                 15206.195359
20  0.980404  0.8200            0.677428  0.458909  0.001  12.090  12.089  1.847998                 14215.630767
21  0.915126  0.7570            0.655487  0.429664  0.001  10.720  10.719  1.768117                 13309.689589
22  0.799137  0.6300            0.633191  0.400931  0.001  10.840  10.839  2.150847                 12419.644363
23  0.635744  0.4570            0.579414  0.335721  0.001  10.700  10.699  2.553829                 10399.626445
Mean across cluster columns: 0.6853717167559782 

================================================================================

Cluster 2 Statistics (for each column):
Cluster 2 size (num_records): 19120
--------------------------------------------------------------------------------
        Mean  Median  Standard Deviation  Variance    Min     Max   Range  Skewness  Sum of Squared Errors (SSE)
0   0.463003   0.305            0.504091  0.254108  0.001  10.760  10.759  3.908970                  4858.288030
1   0.405696   0.253            0.487671  0.237823  0.001  10.820  10.819  4.614111                  4546.946818
2   0.361187   0.217            0.441146  0.194610  0.001   6.296   6.295  3.568358                  3720.739309
3   0.332651   0.198            0.421796  0.177912  0.001   6.189   6.188  3.812507                  3401.496058
4   0.315482   0.188            0.407142  0.165765  0.001   6.517   6.516  4.085853                  3169.253698
5   0.316844   0.192            0.408285  0.166696  0.001  11.860  11.859  4.906644                  3187.066764
6   0.339955   0.208            0.431166  0.185904  0.001  11.970  11.969  4.724071                  3554.298071
7   0.380214   0.239            0.440276  0.193843  0.001   6.227   6.226  3.520677                  3706.079345
8   0.458758   0.300            0.474852  0.225484  0.001   6.590   6.589  2.752375                  4311.031410
9   0.546032   0.376            0.507013  0.257062  0.001   7.412   7.411  2.196900                  4914.776378
10  0.602371   0.425            0.533126  0.284223  0.001   8.783   8.782  2.094925                  5434.059496
11  0.642588   0.461            0.555916  0.309042  0.001   7.881   7.880  1.867107                  5908.575123
12  0.675501   0.495            0.564334  0.318473  0.001   8.405   8.404  1.742821                  6088.877850
13  0.630203   0.458            0.538300  0.289767  0.001   6.969   6.968  2.038519                  5540.060954
14  0.591697   0.424            0.512096  0.262243  0.001   7.305   7.304  2.081875                  5013.817136
15  0.577285   0.406            0.510398  0.260506  0.001   9.344   9.343  2.284846                  4980.622988
16  0.579014   0.411            0.513429  0.263610  0.001   7.524   7.523  2.477811                  5039.956107
17  0.628068   0.457            0.539736  0.291315  0.001  12.110  12.109  2.818686                  5569.648107
18  0.669726   0.489            0.568197  0.322847  0.001  10.880  10.879  2.725932                  6172.518100
19  0.722165   0.531            0.594629  0.353584  0.001  11.980  11.979  2.748670                  6760.167881
20  0.718658   0.536            0.582220  0.338980  0.001  12.240  12.239  2.949136                  6480.959401
21  0.671961   0.490            0.558969  0.312446  0.001  11.420  11.419  2.625748                  5973.655145
22  0.594858   0.424            0.519452  0.269830  0.001   9.616   9.615  2.728129                  5158.877112
23  0.499002   0.347            0.474833  0.225466  0.001   6.923   6.922  2.627094                  4310.691103
Mean across cluster columns: 0.5301216025976293 

================================================================================

Cluster 3 Statistics (for each column):
Cluster 3 size (num_records): 12543
--------------------------------------------------------------------------------
        Mean  Median  Standard Deviation  Variance    Min     Max   Range  Skewness  Sum of Squared Errors (SSE)
0   0.419895   0.267            0.463912  0.215215  0.001   7.488   7.487  3.024213                  2699.220295
1   0.346546   0.215            0.402714  0.162178  0.001   7.523   7.522  3.396806                  2034.042005
2   0.310491   0.190            0.383246  0.146878  0.001   7.578   7.577  4.050562                  1842.138217
3   0.288342   0.175            0.363281  0.131973  0.001   5.792   5.791  4.187413                  1655.204248
4   0.283462   0.172            0.368325  0.135663  0.001   6.375   6.374  4.628519                  1701.490720
5   0.297884   0.184            0.382249  0.146115  0.001   5.553   5.552  4.445201                  1832.569473
6   0.363193   0.220            0.462097  0.213534  0.001   7.381   7.380  4.313012                  2678.144410
7   0.488235   0.300            0.542756  0.294584  0.001   7.370   7.369  2.888733                  3694.676320
8   0.540410   0.365            0.547960  0.300260  0.001  10.670  10.669  3.025465                  3765.865599
9   0.572151   0.398            0.542655  0.294475  0.001   6.701   6.700  2.306066                  3693.303748
10  0.565827   0.402            0.527195  0.277934  0.001   6.232   6.231  2.168287                  3485.854382
11  0.566076   0.402            0.531608  0.282607  0.001   7.926   7.925  2.306916                  3544.454188
12  0.598280   0.436            0.540390  0.292021  0.001   9.827   9.826  2.422396                  3662.526750
13  0.633157   0.473            0.554941  0.307960  0.001   8.686   8.685  2.390750                  3862.429028
14  0.631660   0.461            0.560324  0.313963  0.001   8.136   8.135  2.509908                  3937.726576
15  0.610569   0.435            0.549413  0.301854  0.001   8.061   8.060  2.337964                  3785.859021
16  0.618713   0.444            0.559795  0.313371  0.001   8.855   8.854  2.570969                  3930.297887
17  0.667041   0.496            0.567668  0.322247  0.001   8.174   8.173  2.183735                  4041.621799
18  0.753699   0.566            0.622462  0.387458  0.003   8.034   8.031  2.087117                  4859.503722
19  0.886354   0.662            0.729918  0.532780  0.004  10.880  10.876  2.186899                  6682.132635
20  0.896670   0.653            0.760126  0.577792  0.004  10.890  10.886  2.298272                  7246.668297
21  0.828662   0.574            0.748310  0.559968  0.001  10.810  10.809  2.429881                  7023.120540
22  0.718824   0.481            0.702339  0.493280  0.002  11.010  11.008  3.032012                  6186.718615
23  0.568891   0.364            0.599070  0.358885  0.001  10.830  10.829  3.322514                  4501.133619
Mean across cluster columns: 0.560626249036647 

================================================================================

