Cluster 0 Statistics (for each column):
Cluster 0 size (num_records): 43681
--------------------------------------------------------------------------------
        Mean  Median  Standard Deviation  Variance    Min    Max  Range  Skewness  Sum of Squared Errors (SSE)
0   0.145604   0.104            0.168593  0.028424  0.001  3.020  3.019  4.253838                  1241.545294
1   0.122728   0.089            0.138403  0.019155  0.001  3.244  3.243  4.661468                   836.704662
2   0.109770   0.082            0.118656  0.014079  0.001  3.475  3.474  5.108236                   614.982499
3   0.102974   0.079            0.103458  0.010703  0.001  2.275  2.274  4.537112                   467.528129
4   0.101249   0.078            0.101942  0.010392  0.001  2.367  2.366  4.638088                   453.934011
5   0.108395   0.081            0.115982  0.013452  0.001  2.138  2.137  5.097923                   587.577561
6   0.129197   0.090            0.150590  0.022677  0.001  2.455  2.454  4.242303                   990.552287
7   0.163496   0.109            0.194049  0.037655  0.001  3.272  3.271  3.549203                  1644.765474
8   0.169785   0.112            0.201687  0.040678  0.001  2.806  2.805  3.263749                  1776.795077
9   0.172443   0.112            0.203120  0.041258  0.001  2.529  2.528  3.087506                  1802.129974
10  0.170831   0.111            0.200914  0.040366  0.001  2.417  2.416  3.047754                  1763.199092
11  0.174265   0.114            0.206009  0.042440  0.001  2.784  2.783  3.162421                  1853.770538
12  0.185519   0.123            0.215160  0.046294  0.001  2.894  2.893  3.051465                  2022.105540
13  0.184975   0.128            0.204568  0.041848  0.001  2.478  2.477  2.918103                  1827.926133
14  0.178018   0.123            0.200004  0.040002  0.001  2.246  2.245  3.068391                  1747.272152
15  0.172182   0.121            0.191314  0.036601  0.001  2.820  2.819  3.191799                  1598.726453
16  0.175408   0.127            0.187070  0.034995  0.001  2.950  2.949  3.091565                  1528.587165
17  0.198095   0.145            0.209046  0.043700  0.001  3.926  3.925  3.093244                  1908.831086
18  0.225363   0.163            0.239345  0.057286  0.001  2.463  2.462  2.766259                  2502.258430
19  0.261610   0.182            0.281389  0.079180  0.001  2.649  2.648  2.517225                  3458.575235
20  0.264651   0.185            0.279509  0.078125  0.001  2.705  2.704  2.381631                  3412.508443
21  0.245142   0.175            0.260931  0.068085  0.001  2.730  2.729  2.566767                  2973.959633
22  0.214677   0.154            0.231561  0.053620  0.001  3.338  3.337  2.998023                  2342.140691
23  0.178634   0.128            0.202452  0.040987  0.001  3.257  3.256  3.761572                  1790.301167
Mean across cluster columns: 0.1731254216173317 

================================================================================

Cluster 1 Statistics (for each column):
Cluster 1 size (num_records): 31306
--------------------------------------------------------------------------------
        Mean  Median  Standard Deviation  Variance    Min     Max   Range  Skewness  Sum of Squared Errors (SSE)
0   0.523610   0.344            0.564821  0.319022  0.001  12.670  12.669  3.509489                  9986.990221
1   0.442804   0.279            0.517209  0.267505  0.001  10.350  10.349  3.737858                  8374.242178
2   0.397718   0.244            0.488224  0.238363  0.001   8.346   8.345  3.898191                  7461.946038
3   0.375649   0.228            0.470601  0.221466  0.001   8.280   8.279  4.018686                  6932.983482
4   0.372638   0.224            0.479463  0.229885  0.001   8.320   8.319  4.284357                  7196.541372
5   0.401056   0.246            0.503508  0.253520  0.001   8.461   8.460  4.076144                  7936.454505
6   0.508175   0.325            0.588049  0.345802  0.001   8.970   8.969  3.471809                 10825.329357
7   0.687273   0.491            0.674942  0.455546  0.001   9.524   9.523  2.710649                 14260.882337
8   0.741331   0.550            0.686405  0.471152  0.001  11.330  11.329  2.717313                 14749.403921
9   0.757132   0.562            0.702976  0.494175  0.001  11.310  11.309  2.960812                 15470.146938
10  0.744083   0.553            0.690410  0.476666  0.001   9.852   9.851  2.817489                 14922.021956
11  0.735345   0.550            0.681943  0.465046  0.001  10.630  10.629  2.844493                 14558.277889
12  0.776092   0.594            0.676467  0.457608  0.001  11.630  11.629  2.661705                 14325.420890
13  0.821329   0.637            0.690192  0.476366  0.001  10.590  10.589  2.560940                 14912.624941
14  0.830338   0.639            0.718109  0.515681  0.001  10.800  10.799  2.964648                 16143.393340
15  0.819853   0.625            0.718204  0.515817  0.001  22.810  22.809  3.568804                 16147.639013
16  0.825626   0.620            0.717291  0.514506  0.001  21.560  21.559  3.464229                 16106.609420
17  0.882505   0.682            0.738694  0.545669  0.001  21.780  21.779  3.415887                 17082.177218
18  0.951581   0.757            0.760056  0.577685  0.001  20.210  20.209  2.929371                 18084.436567
19  1.024171   0.836            0.781904  0.611373  0.001  14.530  14.529  2.864209                 19139.037601
20  1.010903   0.829            0.762857  0.581950  0.001  13.080  13.079  2.838882                 18217.950170
21  0.945882   0.765            0.742993  0.552039  0.001  12.790  12.789  2.818414                 17281.577744
22  0.826960   0.636            0.710150  0.504314  0.001  13.160  13.159  3.044025                 15787.537579
23  0.660145   0.462            0.652553  0.425826  0.001  16.260  16.259  3.692115                 13330.473636
Mean across cluster columns: 0.7109249664601035 

================================================================================

Cluster 2 Statistics (for each column):
Cluster 2 size (num_records): 19382
--------------------------------------------------------------------------------
        Mean  Median  Standard Deviation  Variance    Min     Max   Range  Skewness  Sum of Squared Errors (SSE)
0   0.487894  0.3090            0.563691  0.317748  0.001  10.760  10.759  4.114334                  6158.271031
1   0.430125  0.2560            0.545929  0.298039  0.001  10.820  10.819  4.536366                  5776.293997
2   0.384087  0.2210            0.501412  0.251414  0.001  11.870  11.869  4.252312                  4872.658207
3   0.354545  0.2010            0.478996  0.229437  0.001  12.610  12.609  4.503099                  4446.727504
4   0.338637  0.1900            0.470897  0.221744  0.001  12.400  12.399  4.736632                  4297.613194
5   0.339651  0.1945            0.465356  0.216556  0.001  11.860  11.859  4.675388                  4197.071996
6   0.363623  0.2110            0.491686  0.241755  0.001  11.970  11.969  4.672099                  4685.460058
7   0.404971  0.2420            0.505310  0.255338  0.001   6.950   6.949  3.908745                  4948.704404
8   0.483860  0.3040            0.535634  0.286904  0.001   6.590   6.589  3.165965                  5560.486620
9   0.572864  0.3820            0.575143  0.330789  0.001   7.412   7.411  2.904699                  6411.030647
10  0.627874  0.4310            0.593759  0.352550  0.001   8.783   8.782  2.664067                  6832.765055
11  0.666795  0.4690            0.611652  0.374118  0.001   7.915   7.914  2.395658                  7250.772493
12  0.699977  0.5030            0.622244  0.387187  0.001   8.591   8.590  2.385223                  7504.076165
13  0.654659  0.4630            0.597950  0.357544  0.001   8.955   8.954  2.678943                  6929.554163
14  0.616282  0.4290            0.573024  0.328357  0.001   7.316   7.315  2.728344                  6363.886741
15  0.602606  0.4110            0.571843  0.327004  0.001   9.344   9.343  2.838262                  6337.666922
16  0.604990  0.4160            0.575760  0.331500  0.001   7.575   7.574  2.983346                  6424.798891
17  0.654878  0.4620            0.602511  0.363020  0.001  12.110  12.109  3.196821                  7035.686155
18  0.697576  0.4950            0.635266  0.403563  0.001  10.880  10.879  3.219267                  7821.455546
19  0.748949  0.5390            0.652193  0.425356  0.001  11.980  11.979  3.026727                  8243.819305
20  0.743544  0.5430            0.633162  0.400895  0.001  12.240  12.239  3.077422                  7769.737096
21  0.697190  0.4960            0.613367  0.376219  0.001  11.420  11.419  2.912269                  7291.491900
22  0.618154  0.4290            0.572394  0.327635  0.001  11.500  11.499  3.204762                  6349.893690
23  0.521054  0.3510            0.527897  0.278675  0.001  10.590  10.589  3.312155                  5401.000524
Mean across cluster columns: 0.5547827107625632 

================================================================================

Cluster 3 Statistics (for each column):
Cluster 3 size (num_records): 12679
--------------------------------------------------------------------------------
        Mean  Median  Standard Deviation  Variance    Min     Max   Range  Skewness  Sum of Squared Errors (SSE)
0   0.440613   0.270            0.521675  0.272144  0.001   8.344   8.343  3.710645                  3450.245905
1   0.366806   0.218            0.463545  0.214874  0.001   7.523   7.522  4.035437                  2724.176143
2   0.330033   0.192            0.441923  0.195296  0.001   7.578   7.577  4.497127                  2475.967287
3   0.307548   0.177            0.422133  0.178196  0.001   7.278   7.277  4.584444                  2259.172465
4   0.303276   0.175            0.430307  0.185164  0.001   7.245   7.244  4.917022                  2347.505322
5   0.317912   0.186            0.443509  0.196700  0.001   7.451   7.450  4.779869                  2493.763113
6   0.384396   0.223            0.517899  0.268219  0.001   7.722   7.721  4.371042                  3400.482642
7   0.511771   0.304            0.598362  0.358038  0.001   7.370   7.369  3.138044                  4539.201671
8   0.563553   0.370            0.603802  0.364577  0.001  10.670  10.669  3.266693                  4622.102732
9   0.596205   0.403            0.609394  0.371361  0.001   8.167   8.166  3.069341                  4708.111464
10  0.588542   0.408            0.587212  0.344818  0.001   7.008   7.007  2.795353                  4371.606407
11  0.588294   0.408            0.595066  0.354104  0.001   7.926   7.925  3.077710                  4489.330688
12  0.621355   0.441            0.609359  0.371319  0.001   9.827   9.826  3.299765                  4707.581772
13  0.654891   0.477            0.613160  0.375966  0.001   8.686   8.685  3.007322                  4766.493717
14  0.654299   0.466            0.619114  0.383302  0.001   8.609   8.608  3.027192                  4859.501782
15  0.635751   0.440            0.619251  0.383472  0.001   8.423   8.422  3.028475                  4861.662624
16  0.645599   0.450            0.635647  0.404047  0.001  11.440  11.439  3.378840                  5122.507587
17  0.692814   0.501            0.637837  0.406835  0.001   9.381   9.380  2.979309                  5157.859347
18  0.778157   0.572            0.680006  0.462408  0.003   8.034   8.031  2.515825                  5862.402602
19  0.910251   0.671            0.778805  0.606537  0.004  10.880  10.876  2.458297                  7689.678867
20  0.921473   0.661            0.810415  0.656772  0.004  10.890  10.886  2.541542                  8326.557019
21  0.852225   0.580            0.791952  0.627188  0.001  10.810  10.809  2.532101                  7951.486820
22  0.740896   0.489            0.740518  0.548367  0.002  11.010  11.008  2.989218                  6952.202679
23  0.589516   0.368            0.641491  0.411511  0.001  10.830  10.829  3.358574                  5217.133346
Mean across cluster columns: 0.5831740377790048 

================================================================================

